0.015398 100000 10000 4
0.000299 8 4 1
0.035011 100000 1000 2
0.000297 10 4 1
0.000445 10 4 1
0.042056 100000 10000 1
0.500342 1000000 10000 1
0.277470 1000000 10000 2
0.184140 1000000 10000 4
0.196278 1000000 10000 8
0.181643 1000000 10000 16
1.625211 3000000 1000 1
0.937088 3000000 1000 2
0.681671 3000000 1000 4
0.740631 3000000 1000 8
0.887951 3000000 1000 16
0.801529 3000000 1000 16
0.001291 30 4 2
0.000867 30 4 2
1.570457 3000000 100000 1
0.854280 3000000 100000 2
0.497645 3000000 100000 4
0.439907 3000000 100000 8
0.347892 3000000 100000 16
0.004810 10000 1000 4
0.026080 100000 10000 4
0.214817 1000000 30000 4
0.002254 10 4 4
